3 0.431627 0.479863 0.025783 0.099064
0 0.572956 0.701068 0.060160 0.095687
0 0.577970 0.590184 0.063503 0.110321
0 0.488923 0.648159 0.046791 0.086681
0 0.525449 0.621141 0.021486 0.066418
0 0.535714 0.550221 0.033422 0.057412
0 0.515422 0.686434 0.054908 0.075424
0 0.479612 0.537275 0.066367 0.114824
1 0.656035 0.503503 0.089763 0.153099
1 0.578447 0.495623 0.060638 0.081052
1 0.517809 0.472545 0.059683 0.075424
3 0.430457 0.412854 0.069124 0.057412
0 0.429802 0.619661 0.048439 0.084575
0 0.388170 0.623365 0.026445 0.042596
1 0.347062 0.540951 0.080383 0.146926
0 0.465804 0.695593 0.025136 0.094452
3 0.735390 0.786325 0.046266 0.106212
3 0.658685 0.226078 0.060065 0.042102