0 0.395455 0.496112 0.026623 0.049413
0 0.410065 0.532618 0.033117 0.097352
0 0.442208 0.542575 0.037662 0.115790
0 0.468506 0.525612 0.017532 0.136440
0 0.605032 0.610795 0.050325 0.106202
0 0.518506 0.554375 0.031169 0.065639
0 0.508279 0.482836 0.014610 0.056789
0 0.530682 0.493530 0.026948 0.050151
0 0.560552 0.551056 0.039286 0.072276
0 0.562013 0.477674 0.037013 0.062689
0 0.600812 0.512706 0.023052 0.042776
0 0.634740 0.547369 0.037013 0.053101
0 0.744805 0.476936 0.024026 0.067114
0 0.711688 0.472880 0.023377 0.079651
0 0.676461 0.473617 0.027597 0.038351
2 0.616558 0.469930 0.014935 0.028025
0 0.634578 0.461448 0.012013 0.025813
0 0.665422 0.535200 0.022403 0.044988
0 0.693831 0.525243 0.022727 0.044251
0 0.653896 0.491686 0.014286 0.039088
0 0.636526 0.497218 0.019156 0.032451