0 0.490463 0.614661 0.013393 0.027012
0 0.512378 0.601637 0.032873 0.020259
0 0.522930 0.560155 0.014205 0.027977
3 0.410511 0.556296 0.016640 0.049200
3 0.426948 0.577520 0.014610 0.043412
3 0.445211 0.541343 0.022727 0.032800
3 0.457183 0.609355 0.023133 0.031835
3 0.447240 0.571249 0.024351 0.021224
3 0.491477 0.575590 0.017857 0.037624
3 0.502841 0.550025 0.022727 0.036659
3 0.568588 0.544719 0.027597 0.029906
3 0.568182 0.576072 0.020292 0.028941
3 0.590909 0.583308 0.020292 0.033765
3 0.473823 0.562084 0.024756 0.035694
4 0.610593 0.494072 0.079951 0.117695
2 0.862672 0.475898 0.070515 0.071147
0 0.546621 0.583825 0.014712 0.028941