3 0.498714 0.612019 0.040309 0.068185
3 0.554460 0.585719 0.031732 0.081822
3 0.588336 0.583770 0.029160 0.062341
3 0.462693 0.374344 0.019726 0.048704
0 0.376072 0.540911 0.045455 0.101304
0 0.415952 0.585719 0.032590 0.054548
0 0.418096 0.509741 0.031732 0.089615
3 0.421955 0.512663 0.024014 0.075978
0 0.457976 0.564289 0.051458 0.081822
0 0.487136 0.547730 0.024014 0.075978
0 0.539022 0.511689 0.050600 0.066237
0 0.516724 0.474674 0.023156 0.058444
0 0.457976 0.459089 0.032590 0.038963
0 0.445540 0.496104 0.030017 0.062341