0 0.627165 0.370970 0.050866 0.088032
0 0.567641 0.362677 0.050866 0.094411
0 0.524080 0.540655 0.047078 0.054860
0 0.495400 0.465381 0.060065 0.095687
0 0.316558 0.494087 0.032468 0.058688
0 0.342532 0.456450 0.031385 0.044654
0 0.382305 0.451985 0.038420 0.061240
0 0.428571 0.435399 0.045455 0.048481
0 0.416396 0.524069 0.022186 0.049757
1 0.238366 0.518328 0.121753 0.119927
1 0.466180 0.630600 0.001623 0.000000
1 0.380141 0.594877 0.104437 0.084204
2 0.255141 0.337799 0.083874 0.167133
2 0.450216 0.313558 0.168831 0.174788
0 0.372024 0.522155 0.029762 0.035723