0 0.463216 0.539560 0.030623 0.066111
0 0.494761 0.372108 0.042060 0.115694
0 0.534792 0.359060 0.035788 0.112215
0 0.572978 0.386896 0.038371 0.100036
0 0.553239 0.446918 0.021030 0.051323
0 0.368765 0.516073 0.025457 0.040014
0 0.380202 0.456921 0.021030 0.053933
0 0.373192 0.482148 0.018079 0.022617
0 0.387212 0.407773 0.018816 0.044364
0 0.288334 0.476493 0.032099 0.044364
0 0.429272 0.417777 0.018816 0.062631
0 0.456390 0.414297 0.028778 0.073070
3 0.369503 0.575660 0.063090 0.079159
3 0.339249 0.467360 0.031361 0.055672
0 0.407504 0.424301 0.017341 0.044364