0 0.536729 0.472668 0.014881 0.037477
0 0.579004 0.416452 0.012852 0.025516
0 0.411594 0.467485 0.018939 0.033490
2 0.341755 0.399707 0.036864 0.049438
3 0.174344 0.505760 0.065273 0.095687
3 0.325521 0.460707 0.028747 0.029503
3 0.074405 0.565165 0.033144 0.027909
3 0.144244 0.557989 0.038217 0.034288
2 0.160985 0.426420 0.031115 0.047046
0 0.214759 0.392929 0.033820 0.031098
0 0.480249 0.475060 0.020969 0.023124
0 0.625000 0.455524 0.014881 0.020732
3 0.439514 0.398886 0.027056 0.023390
0 0.384951 0.420858 0.013528 0.063082
0 0.668628 0.416080 0.019423 0.033490
0 0.045319 0.477268 0.033820 0.028706