4 0.216034 0.349738 0.076798 0.051059
3 0.469877 0.466533 0.036676 0.068288
3 0.380742 0.381514 0.023749 0.027998
3 0.335047 0.436827 0.018939 0.032095
0 0.498737 0.500335 0.025253 0.029364
0 0.372926 0.446729 0.018338 0.028681
0 0.414713 0.441608 0.017737 0.032095
0 0.400283 0.419755 0.024952 0.063508
0 0.308141 0.409171 0.046898 0.086043
0 0.270863 0.376734 0.018038 0.040290
0 0.279732 0.350101 0.023148 0.029364
0 0.266655 0.424877 0.014430 0.028681
0 0.278379 0.408488 0.012626 0.025950
0 0.458905 0.383563 0.017737 0.038924
0 0.446278 0.386977 0.015933 0.044387
0 0.488666 0.399269 0.012927 0.033461
0 0.496783 0.428974 0.006313 0.023218
0 0.433652 0.401318 0.011123 0.026632
0 0.346471 0.395172 0.019541 0.026632
0 0.353836 0.437510 0.010823 0.059411
0 0.372024 0.400976 0.026154 0.034144
0 0.102964 0.366149 0.016534 0.027315
2 0.200968 0.406439 0.035173 0.055996
2 0.664833 0.494531 0.261845 0.189841