3 0.506014 0.348300 0.067518 0.122781
3 0.570396 0.455295 0.040584 0.045605
0 0.583862 0.390835 0.058663 0.086824
0 0.396620 0.647799 0.037633 0.039465
0 0.410087 0.571938 0.019554 0.035080
0 0.465061 0.493884 0.011437 0.036834
0 0.447904 0.495199 0.013282 0.028941
0 0.680158 0.317166 0.020292 0.030695
0 0.414883 0.475905 0.024720 0.046482
3 0.733225 0.121816 0.022547 0.071817
3 0.783505 0.165228 0.030213 0.036445
3 0.750135 0.170052 0.033820 0.041804
0 0.700917 0.367890 0.025783 0.047668
0 0.246316 0.875134 0.065559 0.146933