0 0.338068 0.793272 0.054383 0.065600
0 0.349026 0.730566 0.030844 0.044377
0 0.371347 0.733460 0.015422 0.088753
0 0.393669 0.714166 0.024351 0.084895
0 0.400162 0.663036 0.051948 0.075247
0 0.448864 0.632165 0.035714 0.090683
0 0.479302 0.598401 0.030032 0.084895
0 0.538149 0.517365 0.051948 0.158213
0 0.169237 0.614801 0.122565 0.291343
0 0.570211 0.512541 0.026786 0.079106
0 0.585633 0.481670 0.043019 0.094542
0 0.610390 0.462376 0.042208 0.090683
0 0.627841 0.435364 0.059253 0.086824
3 0.383523 0.933155 0.077110 0.117695
0 0.515422 0.729601 0.037338 0.084895