0 0.462693 0.590589 0.076329 0.091563
0 0.513293 0.621759 0.038593 0.037015
0 0.548885 0.630526 0.034305 0.062341
0 0.559605 0.664618 0.024871 0.044807
0 0.608919 0.618837 0.025729 0.042859
0 0.577616 0.597407 0.023156 0.062341
0 0.518010 0.556496 0.042882 0.074030
0 0.402230 0.547730 0.020583 0.033119
0 0.339623 0.499026 0.020583 0.040911
0 0.379074 0.481493 0.017153 0.037015
1 0.258148 0.396748 0.130360 0.070133
0 0.243568 0.344148 0.024014 0.031170
0 0.154374 0.363630 0.017153 0.019481
0 0.373499 0.509741 0.024871 0.035067
0 0.358491 0.515585 0.034305 0.050652
0 0.430961 0.472726 0.035163 0.046756
0 0.449400 0.514611 0.032590 0.029222