0 0.410337 0.492015 0.017103 0.034242
0 0.428600 0.476211 0.020582 0.031608
0 0.526583 0.484771 0.011306 0.034242
0 0.540642 0.486088 0.011016 0.026340
0 0.259160 0.514403 0.011596 0.028974
0 0.295107 0.439006 0.010436 0.021730
0 0.344678 0.492673 0.019133 0.023706
0 0.376420 0.457773 0.011885 0.022389
0 0.397292 0.468967 0.011885 0.023706
0 0.631522 0.525927 0.011306 0.040168
0 0.663410 0.465016 0.031018 0.028974
0 0.587170 0.488064 0.014205 0.026340
0 0.612100 0.498929 0.013045 0.026998
0 0.557021 0.452176 0.020002 0.023047
0 0.547020 0.454810 0.009276 0.015145
0 0.773133 0.508806 0.017973 0.025681
0 0.710517 0.519671 0.016814 0.023706
0 0.819080 0.460736 0.017683 0.023047
2 0.550788 0.425177 0.096243 0.054655
2 0.662975 0.422214 0.098562 0.088238
2 0.715010 0.479832 0.046092 0.058606
0 0.565718 0.482796 0.017683 0.022389
0 0.629638 0.488393 0.012755 0.019096
0 0.517016 0.458102 0.015364 0.032266
2 0.316703 0.461724 0.027539 0.069800
2 0.351055 0.440981 0.033047 0.071776
0 0.140451 0.485100 0.039135 0.055972