2 0.834416 0.597601 0.329545 0.398057
3 0.979302 0.643530 0.041396 0.110997
0 0.984578 0.625350 0.030844 0.044016
0 0.890947 0.665608 0.016234 0.045029
0 0.831503 0.529395 0.035810 0.054035
0 0.586803 0.626207 0.044882 0.083304
0 0.639324 0.614387 0.051566 0.097938
0 0.643382 0.502940 0.045359 0.120453
0 0.576299 0.376859 0.039152 0.104693
0 0.594204 0.329578 0.054908 0.082178
0 0.596591 0.478174 0.036765 0.100190
0 0.635027 0.417948 0.062070 0.047281
0 0.514467 0.479300 0.048224 0.075424
0 0.515422 0.416822 0.020531 0.027017
0 0.476031 0.407253 0.043927 0.068669
0 0.456455 0.343650 0.032468 0.042778
0 0.505157 0.344213 0.061115 0.077675
0 0.545264 0.412882 0.000000 0.001126
0 0.549561 0.360536 0.020053 0.087807
0 0.565078 0.465791 0.024351 0.082178
0 0.485581 0.577238 0.035332 0.138464
0 0.524733 0.680242 0.000955 0.000000
0 0.558633 0.664482 0.037242 0.069795
0 0.234673 0.524892 0.030080 0.060789
3 0.349026 0.406690 0.037242 0.049532
3 0.235867 0.464102 0.051566 0.074298
3 0.285762 0.402750 0.030080 0.043903
2 0.370751 0.513072 0.123663 0.142967
1 0.160667 0.439336 0.100745 0.171111