0 0.430002 0.488762 0.035173 0.079897
0 0.463435 0.490518 0.029375 0.069361
0 0.493197 0.488323 0.025510 0.080775
0 0.514263 0.514224 0.030535 0.062337
0 0.495536 0.413198 0.014340 0.030572
0 0.484848 0.412504 0.009199 0.015979
0 0.479978 0.399905 0.006494 0.023969
2 0.578869 0.391608 0.042478 0.049168
0 0.541261 0.413734 0.007305 0.013521
0 0.519345 0.418036 0.016504 0.023355
0 0.501218 0.351660 0.012716 0.015979
0 0.482955 0.377473 0.012987 0.012292
0 0.530795 0.395956 0.011806 0.021790
0 0.553301 0.357684 0.018939 0.016762
0 0.517636 0.368020 0.015496 0.017320
0 0.529319 0.362991 0.009347 0.019555
0 0.499188 0.396794 0.018939 0.016762
0 0.502878 0.376121 0.008609 0.010057
0 0.495622 0.380871 0.006395 0.013968
0 0.516652 0.391486 0.011560 0.024025