0 0.169811 0.786428 0.072041 0.161052
0 0.165094 0.659014 0.042024 0.081545
0 0.206690 0.674303 0.060034 0.177361
0 0.243997 0.653917 0.055746 0.177361
0 0.284305 0.690612 0.040309 0.173284
0 0.310892 0.575430 0.078045 0.183477
3 0.373928 0.561159 0.041166 0.134550
0 0.422384 0.555043 0.035163 0.179400
0 0.402230 0.526502 0.036021 0.101932
0 0.499142 0.636589 0.073756 0.122318
0 0.458405 0.538734 0.052316 0.195709
0 0.608062 0.573391 0.066895 0.110086
0 0.510292 0.494903 0.066895 0.152898
0 0.539451 0.412339 0.080617 0.126395
0 0.577187 0.502039 0.061750 0.130473
0 0.684820 0.519367 0.078045 0.165129
0 0.721698 0.522425 0.040309 0.122318
0 0.774871 0.479614 0.060892 0.150859